0    10            0             0             0             2.073         0
1    8.829         1.979         0             -2.58         1.769         0
2    4.561         3.157         -0.01672      -6.336        0.08466       -0.02285
3    -3.8          -4.975        0.2182        -9.403        -15.52        0.4682
4    -12.33        -19.34        0.6399        -8.283        -14.02        0.4166
5    -20.56        -33.25        1.049         -8.178        -13.83        0.4058
6    -28.7         -47.02        1.453         -8.116        -13.73        0.4025
7    -36.8         -60.72        1.854         -8.085        -13.68        0.4003
8    -44.88        -74.38        2.253         -8.066        -13.64        0.3975
9    -52.94        -88.01        2.65          -8.052        -13.62        0.3966
10   -60.98        -101.6        3.046         -8.043        -13.6         0.3953
11   -69.02        -115.2        3.44          -8.036        -13.59        0.3943
12   -77.06        -128.8        3.835         -8.03         -13.58        0.3939
13   -85.08        -142.4        4.228         -8.026        -13.57        0.3931
14   -93.11        -156          4.621         -8.022        -13.57        0.3925
15   -101.1        -169.5        5.013         -8.019        -13.56        0.3921
16   -109.1        -183.1        5.405         -8.017        -13.56        0.3917
17   -117.2        -196.6        5.797         -8.014        -13.55        0.3915
18   -125.2        -210.2        6.188         -8.012        -13.55        0.3913
19   -133.2        -223.7        6.579         -8.011        -13.55        0.3912
20   -141.2        -237.3        6.971         -8.009        -13.54        0.3909
21   -149.2        -250.8        7.361         -8.008        -13.54        0.3908
22   -157.2        -264.4        7.752         -8.007        -13.54        0.3905
23   -165.2        -277.9        8.143         -8.005        -13.54        0.3904
24   -173.2        -291.4        8.533         -8.004        -13.53        0.3902
25   -181.2        -305          8.923         -8.004        -13.53        0.3901
26   -189.2        -318.5        9.313         -8.003        -13.53        0.3901
27   -197.2        -332          9.703         -8.002        -13.53        0.39
28   -205.2        -345.6        10.09         -8.001        -13.53        0.3899
29   -213.2        -359.1        10.48         -8.001        -13.53        0.3898
30   -221.2        -372.6        10.87         -8            -13.53        0.3898
31   -229.2        -386.1        11.26         -8            -13.53        0.3897
32   -237.2        -399.7        11.65         -7.999        -13.53        0.3897
33   -245.2        -413.2        12.04         -7.999        -13.52        0.3896
34   -253.2        -426.7        12.43         -7.998        -13.52        0.3895
35   -261.2        -440.2        12.82         -7.998        -13.52        0.3895
36   -269.2        -453.8        13.21         -7.997        -13.52        0.3894
37   -277.2        -467.3        13.6          -7.997        -13.52        0.3893
38   -285.2        -480.8        13.99         -7.997        -13.52        0.3893
39   -293.2        -494.3        14.38         -7.996        -13.52        0.3893
40   -301.2        -507.8        14.77         -7.996        -13.52        0.3892
41   -309.2        -521.4        15.16         -7.996        -13.52        0.3892
42   -317.2        -534.9        15.55         -7.996        -13.52        0.3892
43   -325.2        -548.4        15.94         -7.995        -13.52        0.3892
44   -333.2        -561.9        16.32         -7.995        -13.52        0.3891
45   -341.2        -575.4        16.71         -7.995        -13.52        0.3891
46   -349.2        -589          17.1          -7.995        -13.52        0.3891
47   -357.2        -602.5        17.49         -7.995        -13.52        0.389
48   -365.2        -616          17.88         -7.994        -13.52        0.389
49   -373.2        -629.5        18.27         -7.994        -13.52        0.389
50   -381.2        -643          18.66         -7.994        -13.52        0.3889
51   -389.2        -656.5        19.05         -7.994        -13.52        0.3889
52   -397.2        -670.1        19.44         -7.994        -13.52        0.3889
53   -405.1        -683.6        19.83         -7.993        -13.52        0.3889
54   -413.1        -697.1        20.21         -7.993        -13.51        0.3889
55   -421.1        -710.6        20.6          -7.993        -13.51        0.3888
56   -429.1        -724.1        20.99         -7.993        -13.51        0.3888
57   -437.1        -737.6        21.38         -7.993        -13.51        0.3888
58   -445.1        -751.1        21.77         -7.993        -13.51        0.3888
59   -453.1        -764.7        22.16         -7.992        -13.51        0.3887
60   -461.1        -778.2        22.55         -7.992        -13.51        0.3887
61   -469.1        -791.7        22.94         -7.992        -13.51        0.3887
62   -477.1        -805.2        23.32         -7.992        -13.51        0.3887
63   -485.1        -818.7        23.71         -7.992        -13.51        0.3886
64   -493.1        -832.2        24.1          -7.992        -13.51        0.3886
65   -501.1        -845.7        24.49         -7.992        -13.51        0.3886
66   -509          -859.2        24.88         -7.992        -13.51        0.3886
67   -517          -872.8        25.27         -7.991        -13.51        0.3886
68   -525          -886.3        25.66         -7.991        -13.51        0.3885
69   -533          -899.8        26.04         -7.991        -13.51        0.3885
70   -541          -913.3        26.43         -7.991        -13.51        0.3885
71   -549          -926.8        26.82         -7.991        -13.51        0.3885
72   -557          -940.3        27.21         -7.991        -13.51        0.3885
73   -565          -953.8        27.6          -7.991        -13.51        0.3885
74   -573          -967.3        27.99         -7.991        -13.51        0.3885
75   -581          -980.8        28.38         -7.991        -13.51        0.3885
76   -589          -994.4        28.76         -7.991        -13.51        0.3884
77   -596.9        -1008         29.15         -7.991        -13.51        0.3884
78   -604.9        -1021         29.54         -7.99         -13.51        0.3884
79   -612.9        -1035         29.93         -7.99         -13.51        0.3884
80   -620.9        -1048         30.32         -7.99         -13.51        0.3884
81   -628.9        -1062         30.71         -7.99         -13.51        0.3884
82   -636.9        -1075         31.09         -7.99         -13.51        0.3884
83   -644.9        -1089         31.48         -7.99         -13.51        0.3884
84   -652.9        -1102         31.87         -7.99         -13.51        0.3884
85   -660.9        -1116         32.26         -7.99         -13.51        0.3884
86   -668.9        -1129         32.65         -7.99         -13.51        0.3884
87   -676.9        -1143         33.04         -7.99         -13.51        0.3883
88   -684.8        -1156         33.42         -7.99         -13.51        0.3883
89   -692.8        -1170         33.81         -7.99         -13.51        0.3883
90   -700.8        -1183         34.2          -7.99         -13.51        0.3883
91   -708.8        -1197         34.59         -7.99         -13.51        0.3883
92   -716.8        -1211         34.98         -7.99         -13.51        0.3883
93   -724.8        -1224         35.37         -7.99         -13.51        0.3883
94   -732.8        -1238         35.75         -7.99         -13.51        0.3883
95   -740.8        -1251         36.14         -7.989        -13.51        0.3883
96   -748.8        -1265         36.53         -7.989        -13.51        0.3883
97   -756.7        -1278         36.92         -7.989        -13.51        0.3883
98   -764.7        -1292         37.31         -7.989        -13.51        0.3883
99   -772.7        -1305         37.7          -7.989        -13.51        0.3883
100  -780.7        -1319         38.08         -7.989        -13.51        0.3883
101  -788.7        -1332         38.47         -7.989        -13.51        0.3883
102  -796.7        -1346         38.86         -7.989        -13.51        0.3883
103  -804.7        -1359         39.25         -7.989        -13.51        0.3883
104  -812.7        -1373         39.64         -7.989        -13.51        0.3883
105  -820.7        -1386         40.03         -7.989        -13.51        0.3882
106  -828.6        -1400         40.41         -7.989        -13.51        0.3882
107  -836.6        -1413         40.8          -7.989        -13.51        0.3882
108  -844.6        -1427         41.19         -7.989        -13.51        0.3882
109  -852.6        -1440         41.58         -7.989        -13.51        0.3882
110  -860.6        -1454         41.97         -7.989        -13.51        0.3882
111  -868.6        -1467         42.36         -7.989        -13.51        0.3882
112  -876.6        -1481         42.74         -7.989        -13.51        0.3882
113  -884.6        -1494         43.13         -7.989        -13.51        0.3882
114  -892.6        -1508         43.52         -7.989        -13.51        0.3882
115  -900.5        -1521         43.91         -7.989        -13.51        0.3882
116  -908.5        -1535         44.3          -7.989        -13.51        0.3882
117  -916.5        -1548         44.68         -7.989        -13.51        0.3882
118  -924.5        -1562         45.07         -7.989        -13.51        0.3882
119  -932.5        -1575         45.46         -7.989        -13.51        0.3882
120  -940.5        -1589         45.85         -7.989        -13.51        0.3882
121  -948.5        -1602         46.24         -7.989        -13.51        0.3882
122  -956.5        -1616         46.63         -7.988        -13.51        0.3882
123  -964.5        -1629         47.01         -7.988        -13.51        0.3882
124  -972.4        -1643         47.4          -7.988        -13.51        0.3882
125  -980.4        -1656         47.79         -7.988        -13.51        0.3882
126  -988.4        -1670         48.18         -7.988        -13.51        0.3882
127  -996.4        -1683         48.57         -7.988        -13.51        0.3881
128  -1004         -1697         48.95         -7.988        -13.51        0.3881
129  -1012         -1710         49.34         -7.988        -13.51        0.3881
130  -1020         -1724         49.73         -7.988        -13.51        0.3881
131  -1028         -1737         50.12         -7.988        -13.51        0.3881
132  -1036         -1751         50.51         -7.988        -13.51        0.3881
133  -1044         -1764         50.89         -7.988        -13.51        0.3881
134  -1052         -1778         51.28         -7.988        -13.51        0.3881
135  -1060         -1791         51.67         -7.988        -13.51        0.3881
136  -1068         -1805         52.06         -7.988        -13.51        0.3881
137  -1076         -1818         52.45         -7.988        -13.51        0.3881
138  -1084         -1832         52.84         -7.988        -13.51        0.3881
139  -1092         -1845         53.22         -7.988        -13.51        0.3881
140  -1100         -1859         53.61         -7.988        -13.51        0.3881
141  -1108         -1872         54            -7.988        -13.51        0.3881
142  -1116         -1886         54.39         -7.988        -13.51        0.3881
143  -1124         -1899         54.78         -7.988        -13.51        0.3881
144  -1132         -1913         55.16         -7.988        -13.51        0.3881
145  -1140         -1926         55.55         -7.988        -13.51        0.3881
146  -1148         -1940         55.94         -7.988        -13.51        0.3881
147  -1156         -1953         56.33         -7.988        -13.51        0.3881
148  -1164         -1967         56.72         -7.988        -13.51        0.3881
149  -1172         -1980         57.1          -7.988        -13.51        0.3881
150  -1180         -1994         57.49         -7.988        -13.51        0.3881
